13
225
739
24
41917
856
151
417
913
213
309
3888
39807
712
289
371
251
86051
6794
21447
2758
1877
1410
329
1134
24155
2247
512
1773
366
235
445
644
383
413
294
137
100
227
226
254
243
227
231
175
160
353
221
3238
400
1470
1041
260
4996
224
216
232
148
235
230
242
472
237
726
242
337
2231
446
36314
37116
35156
35959
35026
34922
37809
35747
35330
35271
34824
48028
34834
34733
34951
34777
34787
34745
34785
35126
34736
35393
34739
34701
34818
35015
68062
35602
34961
51459
34824
34454
34834
35890
34747
34772
34802
34730
34749
34352
34593
34700
35300
34838
34741
34714
34709
34553
34200
34678
34676
34664
34286
34465
34626
34596
34572
34213
34630
34585
34536
34552
34509
34707
534
34538
34491
34458
34446
59628
34429
34555
27244
32118
35468
36010
53240
54240
52610
35729
52663
52904
53278
98999
62385
20609
53328
58271
60014
58013
57948
57876
40234
57684
58205
41387
57592
57869
57973
57890
57907
57905
57906
57753
59279
58030
57782
59685
58607
58607
58035
59017
58989
58026
57985
58436
57555
57896
57772
57825
58297
75300
57789
18506
57921
57769
57783
57794
58028
58342
57793
57756
57778
57764
57864
57761
57757
57760
57973
57930
57902
59279
58812
58711
59380
59238
63979
59283
59225
59402
59084
59090
59642
222535
59021
59151
59073
58132
59535
59156
58272
59063
19867
59127
20630
59108
59083
59156
59272
59153
59207
59846
40612
19929
60702
59196
60904
60283
60242
60191
60292
60253
61057
60353
85910
2848
41204
59450
58525
60553
56026
18430
56623
13259
38113
55467
38729
55422
55660
55742
54870
55733
55809
64962
55812
55821
55747
38782
55580
55877
55829
18233
56023
55803
55845
18230
55811
56026
56195
56107
56184
55012
55894
56060
55873
55787
55806
54974
55869
55817
55913
55563
55635
54788
55783
55703
55723
55790
56100
55751
55605
55699
55711
55760
55721
56048
55665
55540
55505
55518
55624
56644
57406
57496
58053
57620
57496
58885
59355
59348
59429
60060
59447
59471
59491
58623
59635
59605
59649
59710
59746
59697
59626
59464
59489
59788
59631
60360
59613
59995
59708
59588
59572
59812
58437
58613
20219
58439
58987
58164
57987
57831
57243
57758
57568
57575
57608
57626
59011
57680
57579
57759
20195
57639
20420
57512
57446
57580
56542
57500
57464
57449
57444
58173
57469
58342
57848
57514
57492
57504
57550
56440
57339
57330
57351
57404
57330
57388
57405
57421
57421
57373
57369
57373
57346
57422
57394
57527
57385
57604
57286
57412
57963
57835
58172
59215
58576
57587
76752
58967
60270
60257
20310
60255
60232
60276
60280
60291
41593
60008
60304
60351
60326
60324
60312
60335
60306
60347
38653
59452
48659
60333
59533
59457
59269
59028
58869
40613
58358
19648
19651
58854
21016
106962
58896
58745
58058
58772
57924
58796
59199
58894
58806
58807
58860
58788
58807
58811
58776
58841
58760
58916
58906
58648
58649
58667
58884
58807
112246
75857
59143
58814
59167
58786
59080
107046
57908
58970
58653
58661
58712
59147
58715
58683
58770
64068
58644
58643
58614
58651
58568
58379
95874
19656
58821
58549
58595
58615
58600
57989
58550
1265
39788
58092
58341
58392
58393
58464
40095
58123
58443
22850
58822
61698
59141
59121
59101
59103
60132
41519
60074
60329
60317
60396
60388
60585
20362
60554
60491
60535
60577
20445
20339
20277
60479
60305
60362
60357
21200
19279
60395
60253
60393
60384
60472
60675
60309
60408
41514
60820
60292
60306
60483
59363
41499
60014
59932
60380
60441
49287
60532
72423
59423
43350
60374
60243
61073
60593
60597
60570
60615
60660
60610
60610
65116
60646
59894
60616
59676
60929
60652
60600
60620
60615
41569
60287
20444
60613
60530
60598
60579
60595
60589
19508
60555
60748
60497
59638
60615
20450
60499
60435
60531
60506
62726
881213
60677
60551
60489
60780
60565
20491
60577
61838
61007
60499
60591
61254
60641
60653
60573
20460
60963
60824
60467
60565
60739
60687
60692
60858
61397
61476
60937
60857
60760
60714
60645
60701
61060
60564
60677
60665
60518
60425
61395
61413
81658
60420
41670
60413
60543
60529
60602
60450
60444
20300
60465
60434
20308
60569
60412
60615
60458
61090
62007
60610
32950
20756
82174
60896
62644
60436
111009
41499
19496
60556
58827
59799
60463
64081
19647
60104
60017
41426
59460
59977
59799
59789
59806
60193
59757
59740
79622
59892
59867
60253
59856
60027
59781
59821
41412
59383
58763
19727
59691
48482
59569
74315
59747
59656
59899
60318
59646
59629
42519
59322
59605
59635
59605
59614
59606
59616
60037
39128
59623
59564
59800
59664
59651
59634
59696
59884
59628
59650
59746
59849
59926
59896
60378
59928
60031
60018
60040
1430
41064
59750
59904
59874
59817
59784
59728
59737
59812
59728
59707
59697
60044
59710
59630
59691
67781
53136
60362
60113
59676
59671
59682
59671
59649
60169
60245
62107
59609
59620
59770
59668
59764
59690
58874
59690
59696
59702
59985
41484
59635
59889
59806
61575
59703
41402
59387
18836
59691
59624
59716
59797
59881
59706
19905
59863
60758
59809
59724
61711
59922
58838
59746
58818
59769
60007
59812
59871
41500
60054
59851
59875
59755
59896
59780
59754
20154
59818
59901
59776
59763
60089
59788
60034
59759
59828
60550
59854
60007
60244
59883
59916
45171
60795
60349
60097
60160
60141
60100
60195
60099
60852
60138
60287
60092
60132
62484
60063
59034
41482
59668
40493
59551
59863
59826
59791
59773
60153
60218
59748
59741
59769
59757
59721
41392
59386
60424
59719
19722
59699
59676
59914
59726
59742
59688
59937
19712
19740
59682
41790
58604
59769
59776
59815
59766
59752
60175
19772
59750
59711
59762
59771
59776
59771
59776
19737
59923
59675
59782
59738
59754
59729
59753
59726
59707
59700
59674
59675
59577
59672
59549
59687
59577
59589
59577
58642
60401
59751
59612
60046
59616
58744
59588
64179
19838
60236
44261
59204
59769
20009
59195
59595
59751
59994
59959
58945
59868
61380
41513
59810
19972
60207
60079
20005
67145
60091
60072
60065
60193
59096
60010
59965
59915
59859
41371
59547
59857
59847
59857
59857
59858
41340
59551
59880
59863
59916
59913
59742
59817
71171
59864
58927
59864
59922
59869
19889
59864
59807
59847
59857
59845
59853
59871
59865
59838
59878
59872
59863
59853
59864
59871
58929
58946
60026
59856
59850
59003
41369
59570
59878
59872
59930
41390
59695
59890
59930
59875
22121
59939
59850
59976
60028
40354
59784
78881
59942
59955
59986
60020
60411
60426
60432
60437
60432
60437
60539
60433
60902
60441
60441
60428
20466
60695
60428
60602
60604
60616
60863
60567
61075
60752
60758
60779
60814
60775
60937
60770
41709
60441
60796
61731
60775
60910
60803
60769
60368
61095
61916
64361
60865
64100
60761
60636
41719
60259
24205
60787
60521
60557
60498
60680
61455
60762
60432
60880
60444
60397
60539
60807
60709
60556
20475
60620
60534
60652
60606
60791
60628
61996
60640
60631
61827
60598
60610
60720
60624
60673
60590
61812
60759
60634
41789
60197
41686
61046
72264
60592
59790
60760
61529
60597
61277
60662
60576
60566
41594
60085
20466
60449
60483
60826
41510
60096
60459
60440
60164
60759
60520
60556
60601
59730
60912
60398
61066
60901
60750
60787
41815
60414
60760
61466
60764
61025
60792
59910
60782
61116
60775
60709
63220
24508
60765
60703
60629
64029
60270
60713
60375
60467
59455
60354
60690
60325
65597
60587
60438
60349
60382
60480
60618
60449
60569
60638
60542
60981
60596
60574
60577
62028
20570
60564
60512
60842
60561
60529
60571
60690
59738
60814
61702
59785
60567
60748
60542
60846
60954
59626
60610
60542
20450
60516
60486
60569
60694
59621
60558
63786
60566
60472
60463
60466
61222
20720
60477
60446
23459
62409
60720
60630
60658
60631
60607
41947
60282
62271
60710
60624
41494
20194
59836
59940
60809
60705
60848
42298
20423
60862
60315
61334
61880
41156
60510
60840
60807
20625
61255
42023
60984
60789
60772
62490
62046
60810
60778
60686
60721
59628
60550
60567
60674
